firstspawn:
  world: world
  x: 273.6651127260895
  y: -60.0
  z: 77.38753453766962
  yaw: 92.103516
  pitch: 8.849589
